-10 0.015
 -9 0.025
 -8 0.04
 -7 0.06
 -6 0.09
 -5 0.14
 -4 0.22
 -3 0.32
 -2 0.45
 -1 0.70
  0 1.00
  1 1.40
  2 1.90
  3 2.51
  4 3.40
  5 4.43
  6 5.70
  7 7.08
  8 9.00
  9 11.2
 10 13.9
 11 17.2
 12 21.4
 13 26.6
 14 32.6
 15 39.3
 16 47.5
 17 57.5
 18 69.5
 19 82.5
 20 97.5
 21 113
 22 131
 23 151
 24 173
 25 197
 26 222
 27 252
 28 287
 29 324
 30 360
 31 405
 32 455
 33 505
 34 555
 35 615
 36 675
 37 740
 38 810
 39 890
 40 975
 41 1060
 42 1155
 43 1250
 44 1360
 45 1500
 46 1640
 47 1780
 48 1920
 49 2070
 50 2200
 51 2350
 52 2510
 53 2680
 54 2880
 55 3080
 56 3310
 57 3560
 58 3820
 59 4070
 60 4350
 61 4640
 62 4950
 63 5250
 64 5560
 65 5870
 66 6240
 67 6620
 68 7020
 69 7440
 70 7950
 71 8510
 72 9130
 73 9850
 74 10600
 75 11400
 76 12400
 77 13500
 78 14600
 79 15800
 80 17100
 81 18400
 82 19800
 83 21400
 84 23100
 85 25000
 86 27200
 87 29600
 88 32200
 89 35000
 90 38000
 91 41500
 92 45000
 93 49000
 94 53000
 95 57000
 96 62000
 97 67500
 98 74000
 99 81000
100 88000
101 97000
102 106000
103 116000
104 126000
105 138000
106 150000
107 164000
108 180000
109 197000
110 215000
111 235000
112 260000
113 288000
114 316000
115 346000
116 380000
117 418000
118 460000
119 506000
120 556000
121 609000
122 668000
123 732000
124 800000
125 875000
126 956000
127 1047000
128 1150000
129 1266000
