; moh24hbtc.txt
          0.125        -37.735        -51.575        -64.156         -71.17        -78.846        -86.342        -95.616       -0.80276        -0.2466        0.11911        0.28004        0.38566        0.44128        0.47889
        0.13397        -37.029        -51.181        -64.187        -71.266        -78.921        -86.388        -95.629       -0.91159       -0.30373       0.094566        0.26681        0.37922        0.43807         0.4776
        0.14359        -36.297        -50.753        -64.207        -71.362        -78.997        -86.435        -95.642        -1.0303       -0.36573       0.068206        0.25267        0.37235        0.43465        0.47622
        0.15389        -35.544        -50.293        -64.213        -71.456        -79.075        -86.483        -95.656        -1.1601       -0.43305       0.039882        0.23753        0.36502        0.43101        0.47475
        0.16494        -34.785        -49.798        -64.205        -71.551        -79.152        -86.531        -95.671        -1.3024       -0.50614      0.0094312        0.22132        0.35718        0.42713        0.47318
        0.17678        -34.046        -49.268        -64.179        -71.644        -79.231        -86.581        -95.687        -1.4588       -0.58554      -0.023326        0.20398        0.34881        0.42299         0.4715
        0.18946        -33.369        -48.701        -64.134        -71.737        -79.311        -86.632        -95.703        -1.6311       -0.67183      -0.058586         0.1854        0.33985        0.41856        0.46971
        0.20306        -32.823        -48.097        -64.067        -71.828        -79.392        -86.684         -95.72        -1.8214       -0.76568      -0.096566        0.16551        0.33028        0.41385         0.4678
        0.21764        -32.511        -47.453        -63.977        -71.918        -79.474        -86.738        -95.739        -2.0318       -0.86785        -0.1375         0.1442        0.32004         0.4088        0.46575
        0.23326        -32.578         -46.77        -63.861        -72.007        -79.557        -86.792        -95.758        -2.2644       -0.97923       -0.18167        0.12137        0.30907        0.40342        0.46356
           0.25        -33.213        -46.049        -63.715        -72.095        -79.642        -86.848        -95.779        -2.5205        -1.1009       -0.22935       0.096908        0.29734        0.39766        0.46122
        0.26794        -34.629        -45.293        -63.538         -72.18        -79.729        -86.906        -95.802        -2.8006         -1.234       -0.28087         0.0707        0.28478        0.39151        0.45872
        0.28717        -37.046        -44.512        -63.327        -72.264        -79.818        -86.966        -95.826        -3.1044        -1.3802        -0.3366       0.042617        0.27133        0.38493        0.45604
        0.30779        -40.663        -43.725        -63.078        -72.344        -79.909        -87.028        -95.853        -3.4304        -1.5412       -0.39694       0.012521        0.25692        0.37789        0.45318
        0.32988        -45.648         -42.97         -62.79        -72.422        -80.003        -87.092        -95.882        -3.7769        -1.7192       -0.46234      -0.019733        0.24149        0.37035        0.45012
        0.35355        -52.153        -42.314         -62.46        -72.494        -80.101         -87.16        -95.913        -4.1421        -1.9167       -0.53329      -0.054303        0.22495        0.36229        0.44685
        0.37893        -60.324        -41.867        -62.085        -72.562        -80.202         -87.23        -95.948        -4.5241        -2.1366       -0.61037      -0.091362        0.20724        0.35366        0.44335
        0.40613            NaN        -41.803        -61.665        -72.623        -80.309        -87.304        -95.986            NaN        -2.3816        -0.6942       -0.13109        0.18826        0.34442        0.43961
        0.43528            NaN        -42.366        -61.198        -72.675         -80.42        -87.383        -96.028            NaN        -2.6538       -0.78549       -0.17371        0.16794        0.33453        0.43561
        0.46652            NaN        -43.852        -60.683        -72.716        -80.539        -87.467        -96.075            NaN        -2.9541       -0.88504       -0.21942        0.14616        0.32394        0.43133
            0.5            NaN        -46.577         -60.12        -72.742        -80.665        -87.556        -96.127            NaN        -3.2817       -0.99379        -0.2685        0.12284        0.31261        0.42677
        0.53589            NaN        -50.815         -59.51        -72.751        -80.799        -87.653        -96.186            NaN        -3.6339        -1.1128       -0.32122       0.097859        0.30047        0.42189
        0.57435            NaN        -56.781        -58.858        -72.737        -80.945        -87.758        -96.252            NaN        -4.0076        -1.2434       -0.37791        0.07112        0.28748        0.41669
        0.61557            NaN        -64.644        -58.169        -72.696        -81.101        -87.872        -96.326            NaN        -4.3995        -1.3872       -0.43896       0.042503        0.27359        0.41114
        0.65975            NaN        -74.562        -57.459        -72.623        -81.272        -87.997         -96.41            NaN        -4.8062         -1.546       -0.50479       0.011889        0.25873        0.40524
        0.70711            NaN            NaN        -56.761        -72.511        -81.458        -88.135        -96.506            NaN            NaN        -1.7223       -0.57593      -0.020847        0.24284        0.39896
        0.75786            NaN            NaN        -56.137        -72.355        -81.661        -88.287        -96.613            NaN            NaN         -1.919       -0.65298      -0.055832        0.22587        0.39229
        0.81225            NaN            NaN        -55.704        -72.151        -81.884        -88.456        -96.735            NaN            NaN        -2.1398       -0.73663      -0.093196        0.20775        0.38522
        0.87055            NaN            NaN        -55.667        -71.896        -82.127        -88.644        -96.874            NaN            NaN        -2.3885       -0.82771       -0.13307        0.18842        0.37774
        0.93303            NaN            NaN         -56.35        -71.589        -82.393        -88.853         -97.03            NaN            NaN        -2.6681       -0.92714        -0.1756        0.16782        0.36985
              1            NaN            NaN        -58.183        -71.231        -82.683        -89.087        -97.206            NaN            NaN        -2.9799         -1.036       -0.22091         0.1459        0.36156
         1.0718            NaN            NaN        -61.627        -70.827        -82.996        -89.347        -97.405            NaN            NaN        -3.3216        -1.1556       -0.26916         0.1226        0.35286
         1.1487            NaN            NaN        -67.059        -70.385        -83.332        -89.636        -97.627            NaN            NaN        -3.6881        -1.2874       -0.32048       0.097864        0.34377
         1.2311            NaN            NaN        -74.712        -69.919        -83.688        -89.958        -97.875            NaN            NaN        -4.0731        -1.4333       -0.37506       0.071638        0.33432
         1.3195            NaN            NaN        -84.722        -69.458        -84.058        -90.314         -98.15            NaN            NaN        -4.4707        -1.5955       -0.43308       0.043875        0.32452
         1.4142            NaN            NaN            NaN        -69.054        -84.434        -90.707        -98.454            NaN            NaN            NaN        -1.7771       -0.49479       0.014523         0.3144
         1.5157            NaN            NaN            NaN        -68.808        -84.806        -91.139        -98.786            NaN            NaN            NaN        -1.9818        -0.5605      -0.016467        0.30399
         1.6245            NaN            NaN            NaN        -68.919        -85.157        -91.611        -99.147            NaN            NaN            NaN         -2.214       -0.63065      -0.049149        0.29332
         1.7411            NaN            NaN            NaN        -69.734        -85.471        -92.124        -99.538            NaN            NaN            NaN        -2.4777       -0.70582      -0.083579        0.28241
         1.8661            NaN            NaN            NaN        -71.768         -85.73         -92.68        -99.957            NaN            NaN            NaN        -2.7749       -0.78681       -0.11982         0.2713
              2            NaN            NaN            NaN        -75.608         -85.92        -93.279         -100.4            NaN            NaN            NaN        -3.1025       -0.87465       -0.15793        0.25999
         2.1435            NaN            NaN            NaN        -81.712         -86.03        -93.919        -100.88            NaN            NaN            NaN        -3.4531       -0.97064         -0.198        0.24851
         2.2974            NaN            NaN            NaN        -90.298        -86.059        -94.601        -101.37            NaN            NaN            NaN        -3.8174        -1.0764       -0.24009        0.23685
         2.4623            NaN            NaN            NaN            NaN        -86.018        -95.322        -101.89            NaN            NaN            NaN            NaN        -1.1937       -0.28429          0.225
          2.639            NaN            NaN            NaN            NaN         -85.93        -96.078        -102.44            NaN            NaN            NaN            NaN        -1.3249       -0.33068        0.21295
         2.8284            NaN            NaN            NaN            NaN         -85.84        -96.863           -103            NaN            NaN            NaN            NaN        -1.4727       -0.37938        0.20069
         3.0314            NaN            NaN            NaN            NaN        -85.829        -97.666        -103.58            NaN            NaN            NaN            NaN        -1.6406       -0.43049        0.18817
          3.249            NaN            NaN            NaN            NaN        -86.056        -98.472        -104.19            NaN            NaN            NaN            NaN        -1.8333       -0.48421        0.17537
         3.4822            NaN            NaN            NaN            NaN         -86.83        -99.258        -104.81            NaN            NaN            NaN            NaN        -2.0556        -0.5408        0.16225
         3.7321            NaN            NaN            NaN            NaN         -88.69        -99.992        -105.45            NaN            NaN            NaN            NaN         -2.311       -0.60078        0.14876
              4            NaN            NaN            NaN            NaN        -92.352        -100.64        -106.11            NaN            NaN            NaN            NaN        -2.5977       -0.66498        0.13487
         4.2871            NaN            NaN            NaN            NaN        -98.425        -101.16        -106.78            NaN            NaN            NaN            NaN        -2.9063       -0.73472        0.12054
         4.5948            NaN            NaN            NaN            NaN        -107.15        -101.53        -107.48            NaN            NaN            NaN            NaN         -3.224       -0.81186        0.10572
         4.9246            NaN            NaN            NaN            NaN            NaN        -101.75         -108.2            NaN            NaN            NaN            NaN            NaN       -0.89881       0.090403
          5.278            NaN            NaN            NaN            NaN            NaN        -101.85        -108.94            NaN            NaN            NaN            NaN            NaN       -0.99844       0.074561
         5.6569            NaN            NaN            NaN            NaN            NaN        -101.91        -109.71            NaN            NaN            NaN            NaN            NaN         -1.114       0.058199
         6.0629            NaN            NaN            NaN            NaN            NaN        -102.05        -110.51            NaN            NaN            NaN            NaN            NaN        -1.2496       0.041345
          6.498            NaN            NaN            NaN            NaN            NaN        -102.48        -111.33            NaN            NaN            NaN            NaN            NaN        -1.4098       0.024065
         6.9644            NaN            NaN            NaN            NaN            NaN        -103.65        -112.17            NaN            NaN            NaN            NaN            NaN        -1.5997      0.0064718
         7.4643            NaN            NaN            NaN            NaN            NaN        -106.25        -113.03            NaN            NaN            NaN            NaN            NaN        -1.8208      -0.011267
              8            NaN            NaN            NaN            NaN            NaN        -111.11        -113.89            NaN            NaN            NaN            NaN            NaN         -2.066      -0.028935
         8.5742            NaN            NaN            NaN            NaN            NaN            NaN        -114.72            NaN            NaN            NaN            NaN            NaN            NaN      -0.046321
         9.1896            NaN            NaN            NaN            NaN            NaN            NaN        -115.47            NaN            NaN            NaN            NaN            NaN            NaN      -0.063377
         9.8492            NaN            NaN            NaN            NaN            NaN            NaN        -116.05            NaN            NaN            NaN            NaN            NaN            NaN      -0.080556
         10.556            NaN            NaN            NaN            NaN            NaN            NaN        -116.38            NaN            NaN            NaN            NaN            NaN            NaN      -0.099317
         11.314            NaN            NaN            NaN            NaN            NaN            NaN        -116.39            NaN            NaN            NaN            NaN            NaN            NaN       -0.12253
         12.126            NaN            NaN            NaN            NaN            NaN            NaN        -116.06            NaN            NaN            NaN            NaN            NaN            NaN       -0.15429
         12.996            NaN            NaN            NaN            NaN            NaN            NaN        -115.51            NaN            NaN            NaN            NaN            NaN            NaN       -0.19923
         13.929            NaN            NaN            NaN            NaN            NaN            NaN        -114.97            NaN            NaN            NaN            NaN            NaN            NaN       -0.26198
         14.929            NaN            NaN            NaN            NaN            NaN            NaN        -114.81            NaN            NaN            NaN            NaN            NaN            NaN       -0.34673
             16            NaN            NaN            NaN            NaN            NaN            NaN         -115.7            NaN            NaN            NaN            NaN            NaN            NaN       -0.45476
