; moh24hbitc.txt
          0.125        -43.895        -58.099        -73.786        -83.299        -90.888        -96.159        -94.598        -3.2149        -2.0553        -1.1898       -0.53686       -0.13446        0.17903        0.29369
        0.13397        -42.419        -56.839        -72.151        -82.305        -89.681        -96.657        -94.337        -3.4862        -2.2467        -1.3141       -0.62645       -0.17899        0.14104        0.28564
        0.14359        -40.685        -54.745        -70.975        -81.058        -88.792        -96.206        -94.037        -3.7631        -2.4343        -1.4305       -0.69866       -0.21737        0.10531        0.27688
        0.15389        -38.982        -52.933        -69.854        -80.161         -88.06        -95.574        -93.742        -4.0577         -2.633        -1.5575       -0.77209       -0.25847       0.075543        0.26822
        0.16494        -37.423        -51.039        -68.636        -79.351        -87.351        -94.962        -93.479        -4.3732        -2.8462        -1.6918       -0.85171       -0.30276       0.047119        0.25956
        0.17678        -35.925         -49.14        -67.429        -78.542        -86.653        -94.349        -93.255        -4.7122        -3.0747        -1.8344       -0.93721       -0.34998       0.018197        0.25068
        0.18946         -34.51        -47.211        -66.219        -77.734         -85.97        -93.726        -93.069        -5.0763        -3.3205        -1.9867        -1.0284       -0.40013      -0.011328         0.2415
        0.20306        -33.182        -45.239        -64.979        -76.922        -85.296         -93.09        -92.915        -5.4672        -3.5845        -2.1491        -1.1255       -0.45328      -0.041275        0.23195
        0.21764        -31.953        -43.223        -63.693        -76.096        -84.622        -92.438        -92.793         -5.887        -3.8683        -2.3225        -1.2289       -0.50971      -0.071792        0.22187
        0.23326        -30.848        -41.168        -62.355        -75.253        -83.947        -91.778        -92.701         -6.338        -4.1736        -2.5077        -1.3392       -0.56978       -0.10322        0.21115
           0.25        -29.897        -39.085        -60.959        -74.393        -83.271        -91.119        -92.638        -6.8224        -4.5022        -2.7057        -1.4568       -0.63374       -0.13581        0.19967
        0.26794        -29.137        -36.986        -59.501        -73.513        -82.593        -90.465        -92.601        -7.3429         -4.856        -2.9175        -1.5823       -0.70188       -0.16984        0.18731
        0.28717        -28.608        -34.885        -57.971        -72.611        -81.911         -89.82        -92.587        -7.9022        -5.2369        -3.1442        -1.7162       -0.77453       -0.20558         0.1739
        0.30779        -28.359        -32.802        -56.362        -71.686        -81.225        -89.184         -92.59        -8.5031        -5.6474        -3.3871        -1.8593       -0.85201       -0.24329        0.15929
        0.32988        -28.448        -30.757        -54.664        -70.736        -80.533        -88.555        -92.605        -9.1487        -6.0896        -3.6476         -2.012       -0.93467       -0.28322         0.1433
        0.35355        -28.942        -28.778        -52.867        -69.758        -79.834        -87.933        -92.622        -9.8424        -6.5662        -3.9272        -2.1751        -1.0229       -0.32562        0.12576
        0.37893        -29.917        -26.897        -50.961        -68.752        -79.126        -87.316        -92.631        -10.588        -7.0799        -4.2278        -2.3495        -1.1171       -0.37071        0.10651
        0.40613        -31.464        -25.154        -48.938        -67.715        -78.409        -86.703        -92.621        -11.388        -7.6337        -4.5512        -2.5358        -1.2177       -0.41872       0.085433
        0.43528        -33.689        -23.593        -46.793        -66.647        -77.681        -86.092        -92.576        -12.248        -8.2309        -4.8999        -2.7351        -1.3252       -0.46988       0.062453
        0.46652        -36.715        -22.273        -44.526        -65.544        -76.941        -85.483        -92.483        -13.172        -8.8748        -5.2762        -2.9482          -1.44       -0.52443       0.037572
            0.5        -40.683        -21.257        -42.148        -64.405        -76.188        -84.875        -92.328        -14.163        -9.5691         -5.683        -3.1763        -1.5627        -0.5826       0.010872
        0.53589        -45.759        -20.626         -39.68        -63.228        -75.421        -84.267        -92.103        -15.228        -10.318        -6.1234        -3.4204        -1.6938       -0.64466      -0.017487
        0.57435        -52.134        -20.474        -37.156         -62.01        -74.639         -83.66        -91.804         -16.37        -11.126        -6.6007        -3.6819         -1.834       -0.71088      -0.047294
        0.61557        -60.029        -20.915        -34.625        -60.748        -73.841        -83.053        -91.433        -17.596        -11.997        -7.1183        -3.9621        -1.9838       -0.78156      -0.078334
        0.65975        -69.702        -22.083        -32.151        -59.438        -73.026        -82.446        -90.999         -18.91        -12.937        -7.6801        -4.2626        -2.1439       -0.85701       -0.11044
        0.70711            NaN        -24.138        -29.813        -58.075        -72.193        -81.839        -90.516            NaN         -13.95        -8.2898        -4.5849        -2.3151       -0.93757       -0.14351
        0.75786            NaN        -27.275        -27.707        -56.653        -71.342        -81.232        -89.999            NaN        -15.044        -8.9517         -4.931        -2.4982        -1.0236       -0.17755
        0.81225            NaN        -31.724        -25.945        -55.167        -70.471        -80.623        -89.463            NaN        -16.223        -9.6701        -5.3029        -2.6941        -1.1154       -0.21267
        0.87055            NaN        -37.759        -24.663        -53.606        -69.581        -80.013        -88.923            NaN        -17.495         -10.45        -5.7029        -2.9035        -1.2134       -0.24904
        0.93303            NaN        -45.713        -24.017        -51.964        -68.669        -79.402        -88.387            NaN        -18.867        -11.295        -6.1337        -3.1276        -1.3181        -0.2869
              1            NaN         -55.98        -24.197        -50.228        -67.735        -78.788        -87.866            NaN        -20.346        -12.212        -6.5982        -3.3675        -1.4299       -0.32649
         1.0718            NaN        -69.037        -25.426        -48.391        -66.778        -78.171        -87.362            NaN         -21.94        -13.207        -7.1001        -3.6243        -1.5492       -0.36809
         1.1487            NaN            NaN        -27.971        -46.448        -65.795        -77.551        -86.879            NaN            NaN        -14.284        -7.6434        -3.8993        -1.6766       -0.41197
         1.2311            NaN            NaN        -32.153        -44.408        -64.784        -76.926        -86.417            NaN            NaN         -15.45        -8.2333         -4.194        -1.8126       -0.45839
         1.3195            NaN            NaN        -38.355        -42.313        -63.743        -76.296        -85.974            NaN            NaN        -16.712        -8.8757        -4.5099        -1.9578       -0.50759
         1.4142            NaN            NaN        -47.034        -40.262        -62.667        -75.659        -85.547            NaN            NaN        -18.076        -9.5778        -4.8488        -2.1128       -0.55977
         1.5157            NaN            NaN        -58.739        -38.444        -61.551        -75.014        -85.135            NaN            NaN        -19.549        -10.347        -5.2126        -2.2784       -0.61516
         1.6245            NaN            NaN        -74.123        -37.148         -60.39         -74.36        -84.735            NaN            NaN        -21.138        -11.192        -5.6035        -2.4553       -0.67395
         1.7411            NaN            NaN            NaN        -36.752        -59.176        -73.695        -84.345            NaN            NaN            NaN        -12.119        -6.0239        -2.6443       -0.73634
         1.8661            NaN            NaN            NaN        -37.706        -57.901        -73.018        -83.963            NaN            NaN            NaN        -13.135        -6.4765        -2.8462       -0.80254
              2            NaN            NaN            NaN        -40.521        -56.554        -72.326        -83.587            NaN            NaN            NaN        -14.246        -6.9646        -3.0621       -0.87277
         2.1435            NaN            NaN            NaN        -45.766        -55.124        -71.616        -83.218            NaN            NaN            NaN        -15.457        -7.4918        -3.2931       -0.94728
         2.2974            NaN            NaN            NaN        -54.081        -53.599        -70.887        -82.854            NaN            NaN            NaN        -16.773        -8.0624        -3.5402        -1.0263
         2.4623            NaN            NaN            NaN         -66.19        -51.968        -70.134        -82.493            NaN            NaN            NaN        -18.197        -8.6815        -3.8049        -1.1102
          2.639            NaN            NaN            NaN        -82.908        -50.226        -69.354        -82.137            NaN            NaN            NaN        -19.731        -9.3554        -4.0886        -1.1993
         2.8284            NaN            NaN            NaN            NaN        -48.385        -68.543        -81.783            NaN            NaN            NaN            NaN        -10.092         -4.393         -1.294
         3.0314            NaN            NaN            NaN            NaN        -46.506        -67.696        -81.431            NaN            NaN            NaN            NaN        -10.901        -4.7197        -1.3945
          3.249            NaN            NaN            NaN            NaN        -44.768        -66.806         -81.08            NaN            NaN            NaN            NaN        -11.796        -5.0709        -1.5014
         3.4822            NaN            NaN            NaN            NaN        -43.591        -65.866        -80.732            NaN            NaN            NaN            NaN        -12.792        -5.4489        -1.6151
         3.7321            NaN            NaN            NaN            NaN        -43.732         -64.87        -80.385            NaN            NaN            NaN            NaN        -13.904        -5.8563        -1.7362
              4            NaN            NaN            NaN            NaN        -46.242        -63.807         -80.04            NaN            NaN            NaN            NaN        -15.144        -6.2962        -1.8652
         4.2871            NaN            NaN            NaN            NaN         -52.34        -62.669        -79.697            NaN            NaN            NaN            NaN        -16.519         -6.772        -2.0027
         4.5948            NaN            NaN            NaN            NaN        -63.343        -61.446        -79.357            NaN            NaN            NaN            NaN        -18.033        -7.2879        -2.1495
         4.9246            NaN            NaN            NaN            NaN        -80.671        -60.129        -79.021            NaN            NaN            NaN            NaN        -19.687        -7.8488        -2.3064
          5.278            NaN            NaN            NaN            NaN            NaN        -58.714         -78.69            NaN            NaN            NaN            NaN            NaN        -8.4606        -2.4743
         5.6569            NaN            NaN            NaN            NaN            NaN        -57.207        -78.364            NaN            NaN            NaN            NaN            NaN        -9.1307        -2.6541
         6.0629            NaN            NaN            NaN            NaN            NaN        -55.637        -78.046            NaN            NaN            NaN            NaN            NaN        -9.8681         -2.847
          6.498            NaN            NaN            NaN            NaN            NaN        -54.081        -77.739            NaN            NaN            NaN            NaN            NaN        -10.684        -3.0544
         6.9644            NaN            NaN            NaN            NaN            NaN        -52.719        -77.446            NaN            NaN            NaN            NaN            NaN        -11.594        -3.2776
         7.4643            NaN            NaN            NaN            NaN            NaN        -51.919        -77.174            NaN            NaN            NaN            NaN            NaN        -12.616        -3.5184
              8            NaN            NaN            NaN            NaN            NaN         -52.35        -76.929            NaN            NaN            NaN            NaN            NaN        -13.771        -3.7788
         8.5742            NaN            NaN            NaN            NaN            NaN        -55.073        -76.725            NaN            NaN            NaN            NaN            NaN        -15.082        -4.0611
         9.1896            NaN            NaN            NaN            NaN            NaN        -61.606         -76.58            NaN            NaN            NaN            NaN            NaN        -16.575        -4.3679
         9.8492            NaN            NaN            NaN            NaN            NaN         -74.07        -76.518            NaN            NaN            NaN            NaN            NaN        -18.275        -4.7024
         10.556            NaN            NaN            NaN            NaN            NaN         -95.53        -76.579            NaN            NaN            NaN            NaN            NaN        -19.208        -4.0683
         11.314            NaN            NaN            NaN            NaN            NaN            NaN        -76.814            NaN            NaN            NaN            NaN            NaN            NaN        -4.4701
         12.126            NaN            NaN            NaN            NaN            NaN            NaN          -77.3            NaN            NaN            NaN            NaN            NaN            NaN         -4.913
         12.996            NaN            NaN            NaN            NaN            NaN            NaN        -78.142            NaN            NaN            NaN            NaN            NaN            NaN        -5.4035
         13.929            NaN            NaN            NaN            NaN            NaN            NaN        -79.483            NaN            NaN            NaN            NaN            NaN            NaN         -5.949
         14.929            NaN            NaN            NaN            NaN            NaN            NaN        -81.519            NaN            NaN            NaN            NaN            NaN            NaN        -6.5593
             16            NaN            NaN            NaN            NaN            NaN            NaN        -84.518            NaN            NaN            NaN            NaN            NaN            NaN         -7.246
