; moh24tc.txt
           0.25         1.3508        -14.164        -49.292        -71.509        -87.719        -101.21        -106.08        -9.1479        -3.4638        -1.1666       -0.59665       -0.36234       -0.21694       0.090694
        0.26794        0.63105        -13.058        -48.035        -71.246        -86.435        -98.949        -105.68        -9.8641         -3.766        -1.2947        -0.6834       -0.41378        -0.2674       0.043856
        0.28717       -0.50399        -12.073        -46.857        -71.094         -85.45        -96.962        -105.18        -10.636        -4.0925        -1.4327       -0.78435       -0.47073       -0.31937     -0.0082914
        0.30779        -2.1884        -11.294        -45.834        -70.894        -84.877        -95.315        -104.54        -11.465        -4.4433        -1.5806       -0.89933       -0.53241       -0.37207      -0.063863
        0.32988        -4.4902        -10.728        -44.925        -70.348        -84.761        -93.995        -103.68        -12.355        -4.8185        -1.7381        -1.0241       -0.59842       -0.42448       -0.12023
        0.35355        -7.4451        -10.339        -44.021         -69.32        -85.117         -92.95        -102.54         -13.31        -5.2193        -1.9054        -1.1512       -0.67029       -0.47652       -0.17526
        0.37893        -11.115          -10.1        -43.024        -68.014        -85.967        -92.144        -101.13        -14.336        -5.6482        -2.0832        -1.2757       -0.75271       -0.52918       -0.22801
        0.40613        -15.625        -10.027        -41.918        -66.767        -87.251        -91.597        -99.525        -15.439        -6.1082        -2.2726        -1.3985       -0.85536       -0.58407       -0.27855
        0.43528        -21.163        -10.175        -40.743        -65.837        -88.268        -91.383        -97.846        -16.628        -6.6024         -2.475        -1.5241        -0.9919       -0.64291       -0.32734
        0.46652        -27.968        -10.613        -39.532        -65.343        -87.294        -91.616        -96.184        -17.909        -7.1335        -2.6927        -1.6578        -1.1521       -0.70775       -0.37481
            0.5        -36.324        -11.414        -38.267        -65.233        -84.587        -92.446        -94.599        -19.291        -7.7044        -2.9275        -1.8058         -1.294       -0.78216       -0.42134
        0.53589        -46.582        -12.649        -36.918        -65.192        -81.951        -94.021        -93.121        -20.783        -8.3178        -3.1809        -1.9731        -1.4132       -0.87454       -0.46746
        0.57435        -59.202         -14.41        -35.499        -64.727        -80.069        -96.049        -91.775        -22.395        -8.9771        -3.4546        -2.1578        -1.5243        -1.0051       -0.51388
        0.61557          -74.8        -16.813        -34.052        -63.745        -79.081        -95.978        -90.583        -24.137        -9.6857        -3.7512          -2.35        -1.6378        -1.1851       -0.56134
        0.65975        -94.219        -19.999        -32.613        -62.756        -79.042         -92.66        -89.578        -26.022        -10.447        -4.0734        -2.5451        -1.7629        -1.3446       -0.61058
        0.70711         -118.6        -24.134        -31.245        -62.188        -79.877        -89.325        -88.793        -28.061        -11.264         -4.424        -2.7497        -1.9122        -1.4656       -0.66239
        0.75786        -149.64        -29.408        -30.055        -61.957        -80.708        -87.004        -88.273        -30.248        -12.142        -4.8058        -2.9736        -2.1015        -1.5733       -0.71774
        0.81225        -176.69         -36.04        -29.168        -61.559        -79.684        -85.752        -88.074        -31.867        -13.082        -5.2214        -3.2195        -2.3161        -1.6818       -0.77799
        0.87055        -179.11        -44.283        -28.748        -60.809        -77.574        -85.589        -88.267        -31.815        -14.089         -5.673        -3.4795        -2.5151        -1.8007        -0.8453
        0.93303         -181.8        -54.418        -28.983        -60.138         -76.28        -86.513        -88.922         -30.72        -15.165        -6.1624        -3.7515        -2.7051        -1.9428       -0.92349
              1         -184.4        -66.752        -30.068        -59.668        -76.233        -87.786        -90.023        -30.621        -16.312        -6.6904        -4.0437        -2.9114         -2.129        -1.0198
         1.0718        -186.89        -81.609          -32.2        -59.017         -76.58        -86.954        -91.087        -29.518        -17.532        -7.2576         -4.359        -3.1552        -2.3513        -1.1453
         1.1487        -189.21        -99.345        -35.556        -58.147        -75.741        -84.506        -90.734        -27.411        -18.827        -7.8633        -4.6936        -3.4249        -2.5534        -1.2974
         1.2311        -191.35         -120.2        -40.289        -57.195        -74.543        -82.973        -88.612          -25.3        -20.198        -8.5065        -5.0514        -3.6924        -2.7406        -1.4424
         1.3195        -193.27        -145.92        -46.519        -55.906        -74.289        -82.904        -86.237        -23.186        -21.635        -9.1861        -5.4369        -3.9743        -2.9438        -1.5673
         1.4142        -194.92        -161.84         -54.32         -54.17        -74.143        -83.301        -84.509         -21.07        -22.123        -9.9005        -5.8522        -4.2919        -3.1894        -1.6833
         1.5157         -196.3        -166.22        -63.733        -51.875        -73.322        -82.164        -83.666        -18.953        -20.023        -10.648        -6.3055        -4.6273        -3.4623        -1.8025
         1.6245        -197.41        -167.79        -74.761        -48.939        -72.982        -80.675        -83.746        -16.837         -17.94        -11.429        -6.8074        -4.9781        -3.7273        -1.9357
         1.7411        -198.31        -169.24        -87.377        -45.672        -72.744        -80.381        -84.455        -15.722        -16.856        -12.241        -7.3734        -5.3629        -4.0087        -2.0972
         1.8661        -199.06        -170.62        -101.53        -43.033        -72.222        -80.019        -84.518         -14.61        -15.774        -13.086        -8.0172         -5.769        -4.3315         -2.295
              2        -199.73           -172         -117.1        -42.501        -72.065        -78.724        -82.915          -14.5        -15.694        -13.963        -8.7369        -6.2036        -4.6682        -2.5004
         2.1435        -200.38        -173.43        -133.61        -44.952        -71.688         -78.15        -81.147        -13.393        -14.615        -14.872         -9.511        -6.6693        -5.0202         -2.692
         2.2974        -201.05        -174.94        -148.89         -50.12        -71.468        -77.516         -80.45        -13.289        -14.537        -15.797        -10.319        -7.1644        -5.4113        -2.8869
         2.4623        -201.78        -176.55        -158.13         -57.31        -71.099        -76.488        -80.704        -13.186        -14.459        -15.708        -11.152        -7.6939        -5.8214        -3.1106
          2.639        -202.58        -178.28        -162.02        -65.972        -70.698        -75.898        -80.329        -14.084        -15.381        -16.624        -12.013        -8.2575        -6.2637        -3.3729
         2.8284        -203.47        -180.13        -164.86        -75.776        -70.014        -74.927        -78.752        -13.982        -15.302        -16.552        -12.905         -8.858        -6.7383        -3.6407
         3.0314        -204.47        -182.12        -167.72        -86.547        -68.931        -74.181        -77.807        -13.882        -15.221        -16.481        -13.835        -9.4978        -7.2454        -3.9098
          3.249        -205.59        -184.24        -170.71        -98.198        -67.077        -73.223        -77.612        -14.781        -16.139        -17.407        -14.808         -10.18        -7.7898        -4.2118
         3.4822        -206.86        -186.51        -173.81        -110.69        -63.895        -72.328        -76.539         -14.68        -16.055         -17.33        -15.828        -10.912        -8.3728        -4.5453
         3.7321        -208.29        -188.94        -177.02        -124.01        -58.614        -71.288        -75.332        -15.577        -16.968        -18.249        -16.902         -11.71        -8.9969        -4.8868
              4        -209.87        -191.51        -180.36        -138.19        -50.753        -70.146        -74.679        -16.472        -17.878        -19.164        -18.033        -12.613        -9.6658        -5.2599
         4.2871        -211.62        -194.23        -183.79        -153.82        -41.871        -68.837         -73.38        -16.364        -17.782        -19.074        -19.227        -13.677        -10.382        -5.6641
         4.5948        -213.51        -197.07        -187.31         -168.9        -36.577        -67.246         -72.23        -17.251        -18.681        -19.977        -20.531        -14.915        -11.148         -6.091
         4.9246            NaN        -200.01        -190.89        -183.32        -37.257        -65.236        -70.895            NaN        -19.574        -20.873        -21.727        -16.253        -11.968        -6.5565
          5.278            NaN           -203        -194.49        -190.25        -41.929        -62.566        -69.354            NaN        -20.459        -21.761        -22.466        -17.645        -12.845        -7.0524
         5.6569            NaN        -205.97        -198.04        -194.82        -48.726        -58.834        -67.622            NaN        -21.334         -22.64        -23.376        -19.098        -13.785        -7.5894
         6.0629            NaN        -208.85        -201.45        -198.26        -56.896        -53.361        -65.614            NaN          -23.2        -24.507        -25.242        -20.629        -14.795        -8.1663
          6.498            NaN        -211.49         -204.6        -201.69         -66.28        -45.067        -63.222            NaN        -24.054        -25.363        -26.097        -22.257        -15.892          -8.79
         6.9644            NaN        -213.75        -207.34        -204.68        -77.016        -32.692        -60.402            NaN        -25.896        -27.207         -27.94        -23.999        -17.116        -9.4643
         7.4643            NaN            NaN        -209.45        -207.01        -89.444        -16.485         -56.98            NaN            NaN        -28.038        -28.771        -25.871        -18.543        -10.195
              8            NaN            NaN            NaN            NaN         -104.1       -0.51178        -52.796            NaN            NaN            NaN            NaN        -27.891        -20.239        -10.991
         8.5742            NaN            NaN        -210.77        -208.74        -121.71         10.125        -47.645            NaN            NaN        -31.669        -32.402        -30.074        -22.187        -11.862
         9.1896            NaN            NaN        -209.49        -207.63        -143.21         13.861        -41.304            NaN            NaN        -32.478        -33.211        -32.434        -24.332        -12.822
         9.8492            NaN        -211.15         -206.7        -205.01        -169.61         11.246        -33.623            NaN        -32.976        -34.292        -35.024        -34.977         -26.65        -13.891
         10.556            NaN        -206.62        -202.49        -200.95        -195.53          2.742        -24.725            NaN        -34.803         -36.12        -36.853        -37.618        -29.141        -15.096
         11.314        -208.11        -201.01        -197.18        -195.77        -193.94         -11.51        -15.345        -35.155        -36.654        -37.972        -38.704        -39.398        -31.814        -16.469
         12.126        -201.42        -194.79        -191.24        -189.97        -188.34        -31.406        -6.9944        -37.031        -38.532         -39.85        -40.582        -41.274        -34.683        -18.036
         12.996        -194.68         -188.5        -185.21        -184.05        -182.61        -56.774        -1.4264        -37.935        -39.437        -40.755        -41.487        -42.178        -37.773        -19.807
         13.929        -188.29        -182.53        -179.49        -178.44        -177.16        -87.505        0.44454        -39.863        -41.366        -42.685        -43.416        -44.106         -41.12        -21.781
         14.929         -182.5        -177.13        -174.32        -173.37        -172.24        -123.77        -1.0733        -41.809        -43.313        -44.632        -45.363        -46.052         -44.78        -23.964
             16        -177.39        -172.39        -169.78        -168.93        -167.93        -160.38        -5.0266        -43.767        -45.273        -46.592        -47.323        -48.011        -48.772        -26.395
