; moh24bmtc.txt
          0.125        -29.068        -41.933        -51.196        -59.209        -68.351        -77.728        -87.486        -1.0967       -0.36963       0.040248        0.24774        0.37387        0.44029        0.47783
        0.13397          -28.3        -41.959        -51.299        -59.305        -68.423        -77.771        -87.499         -1.214       -0.42887       0.010247        0.23214        0.36657        0.43695        0.47646
        0.14359        -27.339        -41.965        -51.401        -59.402        -68.497        -77.815        -87.512        -1.3423       -0.49241      -0.021903        0.21544        0.35877         0.4334          0.475
        0.15389        -26.144         -41.95        -51.501        -59.499        -68.571        -77.859        -87.526        -1.4833       -0.56059       -0.05636        0.19756        0.35043         0.4296        0.47344
        0.16494        -24.673        -41.906        -51.599        -59.596        -68.646        -77.905        -87.541        -1.6397       -0.63376      -0.093293         0.1784        0.34153        0.42555        0.47178
        0.17678        -22.887        -41.828        -51.696        -59.693        -68.721        -77.951        -87.556         -1.815       -0.71233       -0.13289        0.15789          0.332        0.42123           0.47
        0.18946        -20.766        -41.706        -51.791         -59.79        -68.797        -77.998        -87.572        -2.0138       -0.79674       -0.17533         0.1359         0.3218        0.41662         0.4681
        0.20306        -18.343        -41.529        -51.882        -59.888        -68.873        -78.046        -87.589        -2.2428       -0.88749       -0.22084        0.11234        0.31089        0.41169        0.46607
        0.21764         -15.78        -41.282        -51.971        -59.986        -68.951        -78.095        -87.608        -2.5112       -0.98514       -0.26964       0.087084        0.29921        0.40642         0.4639
        0.23326        -13.514        -40.944        -52.057        -60.085        -69.029        -78.146        -87.627        -2.8302        -1.0904       -0.32197        0.06001        0.28671        0.40079        0.46157
           0.25        -12.502         -40.49        -52.138        -60.185        -69.108        -78.197        -87.648        -3.2105         -1.204       -0.37809       0.030983        0.27331        0.39477        0.45909
        0.26794         -14.32        -39.886        -52.213        -60.287        -69.189         -78.25         -87.67        -3.6515         -1.327       -0.43827    -0.00014033        0.25896        0.38833        0.45643
        0.28717        -20.423        -39.085        -52.281         -60.39        -69.271        -78.305        -87.694        -4.1295        -1.4607       -0.50282      -0.033514        0.24358        0.38144        0.45359
        0.30779        -30.914        -38.031        -52.339        -60.496        -69.355        -78.362        -87.719        -4.6089        -1.6069       -0.57207      -0.069303         0.2271        0.37406        0.45056
        0.32988        -44.796         -36.65        -52.385        -60.604        -69.441        -78.421        -87.748        -5.0683        -1.7679       -0.64635       -0.10768        0.20943        0.36617         0.4473
        0.35355        -61.097        -34.855        -52.414        -60.715         -69.53        -78.482        -87.778        -5.5035        -1.9472       -0.72606       -0.14885        0.19049        0.35772        0.44383
        0.37893        -79.259         -32.55         -52.42        -60.831        -69.623        -78.546        -87.812        -5.9171        -2.1499       -0.81162       -0.19299        0.17018        0.34867        0.44011
        0.40613        -99.021         -29.65        -52.395         -60.95        -69.719        -78.614        -87.849        -6.3119        -2.3838       -0.90348       -0.24033        0.14841        0.33897        0.43613
        0.43528            NaN        -26.146        -52.326        -61.075         -69.82        -78.685        -87.891            NaN        -2.6609        -1.0022       -0.29111        0.12507        0.32859        0.43187
        0.46652            NaN        -22.286        -52.199        -61.205        -69.926        -78.762        -87.937            NaN        -3.0001        -1.1083       -0.34556        0.10003        0.31747        0.42733
            0.5            NaN        -19.112         -51.99        -61.342         -70.04        -78.843        -87.988            NaN        -3.4285        -1.2225       -0.40396       0.073195        0.30556        0.42247
        0.53589            NaN        -19.609        -51.667        -61.486        -70.161        -78.931        -88.045            NaN        -3.9671        -1.3457       -0.46658       0.044418        0.29281        0.41728
        0.57435            NaN        -28.104        -51.184        -61.636        -70.291        -79.026         -88.11            NaN         -4.571        -1.4789       -0.53374       0.013566        0.27916        0.41173
        0.61557            NaN         -44.46         -50.48        -61.794        -70.433         -79.13        -88.183            NaN        -5.1379        -1.6236       -0.60576      -0.019505        0.26454        0.40582
        0.65975            NaN        -64.963        -49.467        -61.957        -70.587        -79.244        -88.265            NaN        -5.6318        -1.7819       -0.68298      -0.054949         0.2489        0.39952
        0.70711            NaN        -87.425        -48.027        -62.124        -70.756        -79.369        -88.358            NaN         -6.067        -1.9568        -0.7658      -0.092929        0.23217        0.39282
        0.75786            NaN            NaN        -46.003        -62.292        -70.943        -79.508        -88.464            NaN            NaN        -2.1531       -0.85461       -0.13362        0.21429         0.3857
        0.81225            NaN            NaN        -43.205        -62.454        -71.149        -79.662        -88.583            NaN            NaN        -2.3786       -0.94986       -0.17719        0.19518        0.37814
        0.87055            NaN            NaN        -39.431        -62.601        -71.377        -79.833        -88.719            NaN            NaN        -2.6466        -1.0521       -0.22384        0.17478        0.37014
        0.93303            NaN            NaN        -34.593        -62.717        -71.631        -80.024        -88.872            NaN            NaN        -2.9809        -1.1618       -0.27376        0.15302        0.36169
              1            NaN            NaN        -29.328        -62.778        -71.914        -80.237        -89.045            NaN            NaN        -3.4271        -1.2797       -0.32717        0.12984        0.35279
         1.0718            NaN            NaN        -28.056         -62.75        -72.227        -80.475         -89.24            NaN            NaN        -4.0562        -1.4065       -0.38427        0.10516        0.34344
         1.1487            NaN            NaN         -41.79        -62.577        -72.575        -80.739        -89.458            NaN            NaN        -4.7843        -1.5435        -0.4453       0.078911        0.33366
         1.2311            NaN            NaN        -66.681        -62.177        -72.959        -81.032        -89.701            NaN            NaN        -5.3568        -1.6921       -0.51049       0.051034        0.32345
         1.3195            NaN            NaN        -93.417        -61.427        -73.381        -81.357        -89.971            NaN            NaN        -5.7896        -1.8546       -0.58011       0.021456        0.31284
         1.4142            NaN            NaN        -120.11         -60.15        -73.843        -81.714        -90.268            NaN            NaN        -6.1456        -2.0348       -0.65443     -0.0098964        0.30185
         1.5157            NaN            NaN            NaN        -58.088        -74.344        -82.107        -90.594            NaN            NaN            NaN        -2.2394       -0.73374      -0.043101         0.2905
         1.6245            NaN            NaN            NaN        -54.896        -74.881        -82.534        -90.948            NaN            NaN            NaN        -2.4804       -0.81838      -0.078243        0.27882
         1.7411            NaN            NaN            NaN        -50.148        -75.451        -82.999        -91.329            NaN            NaN            NaN        -2.7817       -0.90871       -0.11542        0.26683
         1.8661            NaN            NaN            NaN        -43.638        -76.044        -83.501        -91.738            NaN            NaN            NaN        -3.1974        -1.0051       -0.15474        0.25454
              2            NaN            NaN            NaN        -39.399        -76.646         -84.04        -92.174            NaN            NaN            NaN        -3.8689        -1.1082       -0.19634        0.24197
         2.1435            NaN            NaN            NaN        -60.063        -77.232        -84.617        -92.633            NaN            NaN            NaN        -4.6826        -1.2184       -0.24035        0.22912
         2.2974            NaN            NaN            NaN         -91.41        -77.764        -85.232        -93.116            NaN            NaN            NaN        -5.1607        -1.3364       -0.28695        0.21598
         2.4623            NaN            NaN            NaN        -120.36        -78.182        -85.885         -93.62            NaN            NaN            NaN        -5.4822        -1.4634       -0.33633        0.20253
          2.639            NaN            NaN            NaN            NaN        -78.388        -86.576        -94.144            NaN            NaN            NaN            NaN        -1.6008       -0.38869        0.18874
         2.8284            NaN            NaN            NaN            NaN        -78.226        -87.305        -94.685            NaN            NaN            NaN            NaN         -1.751       -0.44429        0.17459
         3.0314            NaN            NaN            NaN            NaN        -77.447        -88.073        -95.243            NaN            NaN            NaN            NaN        -1.9184       -0.50338        0.16001
          3.249            NaN            NaN            NaN            NaN        -75.655        -88.879        -95.816            NaN            NaN            NaN            NaN        -2.1115       -0.56626        0.14496
         3.4822            NaN            NaN            NaN            NaN        -72.228        -89.722        -96.404            NaN            NaN            NaN            NaN        -2.3484       -0.63325        0.12938
         3.7321            NaN            NaN            NaN            NaN        -66.172        -90.601        -97.004            NaN            NaN            NaN            NaN        -2.6735       -0.70473        0.11319
              4            NaN            NaN            NaN            NaN        -57.073        -91.511        -97.618            NaN            NaN            NaN            NaN        -3.2517       -0.78109       0.096313
         4.2871            NaN            NaN            NaN            NaN        -81.254        -92.442        -98.244            NaN            NaN            NaN            NaN        -4.1633        -0.8628       0.078669
         4.5948            NaN            NaN            NaN            NaN        -116.32        -93.377        -98.883            NaN            NaN            NaN            NaN         -4.501       -0.95039       0.060166
         4.9246            NaN            NaN            NaN            NaN            NaN        -94.283        -99.535            NaN            NaN            NaN            NaN            NaN        -1.0446       0.040704
          5.278            NaN            NaN            NaN            NaN            NaN        -95.104         -100.2            NaN            NaN            NaN            NaN            NaN        -1.1462       0.020178
         5.6569            NaN            NaN            NaN            NaN            NaN        -95.737        -100.88            NaN            NaN            NaN            NaN            NaN        -1.2568     -0.0015254
         6.0629            NaN            NaN            NaN            NaN            NaN        -95.998        -101.58            NaN            NaN            NaN            NaN            NaN         -1.379      -0.024529
          6.498            NaN            NaN            NaN            NaN            NaN        -95.559        -102.29            NaN            NaN            NaN            NaN            NaN        -1.5179      -0.048965
         6.9644            NaN            NaN            NaN            NaN            NaN        -93.818        -103.02            NaN            NaN            NaN            NaN            NaN        -1.6856      -0.074976
         7.4643            NaN            NaN            NaN            NaN            NaN        -89.629        -103.76            NaN            NaN            NaN            NaN            NaN        -1.9139       -0.10272
              8            NaN            NaN            NaN            NaN            NaN        -80.347        -104.53            NaN            NaN            NaN            NaN            NaN        -2.3273       -0.13236
         8.5742            NaN            NaN            NaN            NaN            NaN        -103.01        -105.31            NaN            NaN            NaN            NaN            NaN        -3.2364       -0.16409
         9.1896            NaN            NaN            NaN            NaN            NaN        -138.24         -106.1            NaN            NaN            NaN            NaN            NaN        -3.4121       -0.19813
         9.8492            NaN            NaN            NaN            NaN            NaN            NaN        -106.89            NaN            NaN            NaN            NaN            NaN            NaN       -0.23473
         10.556            NaN            NaN            NaN            NaN            NaN            NaN        -107.64            NaN            NaN            NaN            NaN            NaN            NaN       -0.27424
         11.314            NaN            NaN            NaN            NaN            NaN            NaN        -108.33            NaN            NaN            NaN            NaN            NaN            NaN       -0.31722
         12.126            NaN            NaN            NaN            NaN            NaN            NaN        -108.83            NaN            NaN            NaN            NaN            NaN            NaN       -0.36466
         12.996            NaN            NaN            NaN            NaN            NaN            NaN        -108.98            NaN            NaN            NaN            NaN            NaN            NaN       -0.41879
         13.929            NaN            NaN            NaN            NaN            NaN            NaN        -108.38            NaN            NaN            NaN            NaN            NaN            NaN       -0.48539
         14.929            NaN            NaN            NaN            NaN            NaN            NaN        -106.22            NaN            NaN            NaN            NaN            NaN            NaN       -0.58176
             16            NaN            NaN            NaN            NaN            NaN            NaN         -100.6            NaN            NaN            NaN            NaN            NaN            NaN       -0.77611
