; moh24hbitc.txt
          0.125        -64.454        -76.664        -74.732        -78.635        -84.995         -93.24        -103.94        -2.0718        -1.4894       -0.98483       -0.61846       -0.40038       -0.27884       -0.21251
        0.13397        -61.212        -75.894        -74.079         -77.98         -84.33        -92.552        -103.22        -2.2425        -1.5683        -1.0443       -0.65243       -0.41932       -0.28991       -0.21969
        0.14359          -57.8        -74.776        -73.433        -77.335        -83.678        -91.878        -102.52        -2.4288        -1.6499        -1.1074       -0.68836       -0.43912       -0.30127       -0.22688
        0.15389         -54.15        -73.169        -72.793        -76.701        -83.037        -91.216        -101.84         -2.634        -1.7371        -1.1744       -0.72639       -0.45986       -0.31295       -0.23408
        0.16494        -50.232        -71.019        -72.154        -76.075        -82.406        -90.565        -101.16         -2.863        -1.8339        -1.2456       -0.76669       -0.48162       -0.32498        -0.2413
        0.17678        -46.187        -68.381        -71.514        -75.457        -81.784        -89.925         -100.5        -3.1235        -1.9443        -1.3213       -0.80945       -0.50448        -0.3374       -0.24856
        0.18946        -42.629        -65.358        -70.865        -74.845        -81.171        -89.294        -99.844        -3.4229        -2.0709        -1.4016       -0.85485       -0.52855       -0.35026       -0.25587
        0.20306        -40.496        -62.034        -70.202         -74.24        -80.567        -88.673        -99.201        -3.7532        -2.2149         -1.487        -0.9031       -0.55393        -0.3636       -0.26326
        0.21764        -39.692        -58.446        -69.514        -73.639        -79.969         -88.06        -98.567         -4.094        -2.3779        -1.5776       -0.95442       -0.58074       -0.37748       -0.27074
        0.23326        -39.325        -54.606        -68.787        -73.042        -79.378        -87.454        -97.941         -4.442        -2.5618        -1.6739         -1.009       -0.60909       -0.39195       -0.27835
           0.25        -39.042        -50.548        -68.001        -72.449        -78.794        -86.856        -97.324        -4.8058          -2.77        -1.7761        -1.0672       -0.63912       -0.40708        -0.2861
        0.26794        -38.884        -46.407        -67.128        -71.858        -78.215        -86.264        -96.714        -5.1915        -3.0067        -1.8848        -1.1292       -0.67096       -0.42293       -0.29402
        0.28717        -38.944        -42.481        -66.131        -71.268        -77.643        -85.679        -96.111        -5.6021        -3.2756        -2.0006        -1.1954       -0.70476       -0.43958       -0.30215
        0.30779        -39.283        -39.171        -64.965        -70.679        -77.076        -85.101        -95.516        -6.0396        -3.5761        -2.1243        -1.2659       -0.74069       -0.45709       -0.31052
        0.32988        -39.937        -36.746        -63.577        -70.089        -76.516        -84.529        -94.927         -6.506         -3.903        -2.2572        -1.3412       -0.77892       -0.47554       -0.31915
        0.35355        -40.931        -35.185        -61.916        -69.498        -75.961        -83.963        -94.346        -7.0034        -4.2507        -2.4012        -1.4216       -0.81961       -0.49503       -0.32809
        0.37893        -42.291        -34.299         -59.95        -68.901        -75.413        -83.404        -93.772        -7.5343        -4.6164        -2.5586        -1.5075       -0.86297       -0.51563       -0.33737
        0.40613        -44.051        -33.896        -57.675        -68.299        -74.872        -82.852        -93.205        -8.1015        -5.0006        -2.7322        -1.5992       -0.90919       -0.53745       -0.34703
        0.43528        -46.255        -33.844        -55.132        -67.685        -74.337        -82.308        -92.646        -8.7081        -5.4054        -2.9254        -1.6971       -0.95849       -0.56058        -0.3571
        0.46652         -48.96        -34.071        -52.408        -67.057        -73.811        -81.771        -92.095        -9.3578        -5.8336         -3.141        -1.8018        -1.0111       -0.58512       -0.36763
            0.5        -52.241        -34.544        -49.639        -66.407        -73.294        -81.243        -91.553        -10.054        -6.2883        -3.3815        -1.9137        -1.0673       -0.61119       -0.37866
        0.53589         -56.19        -35.259         -46.99        -65.726        -72.785        -80.724        -91.021        -10.801        -6.7727        -3.6486        -2.0332        -1.1273       -0.63889       -0.39022
        0.57435        -60.922        -36.231        -44.621        -65.001        -72.288        -80.216        -90.498        -11.604        -7.2902        -3.9426        -2.1611        -1.1913       -0.66836       -0.40237
        0.61557        -66.581        -37.491        -42.644        -64.217        -71.802        -79.719        -89.987        -12.468        -7.8445        -4.2629        -2.2979        -1.2598       -0.69972       -0.41514
        0.65975        -73.341        -39.083        -41.104         -63.35        -71.328        -79.234        -89.487        -13.398        -8.4394        -4.6087        -2.4446         -1.333       -0.73311       -0.42858
        0.70711            NaN        -41.066        -39.989        -62.373        -70.868        -78.763        -89.001            NaN        -9.0793        -4.9798        -2.6019        -1.4111       -0.76867       -0.44273
        0.75786            NaN         -43.52        -39.265        -61.255        -70.423        -78.307        -88.529            NaN        -9.7688        -5.3771        -2.7714        -1.4946       -0.80654       -0.45764
        0.81225            NaN        -46.541        -38.894        -59.961        -69.993        -77.867        -88.072            NaN        -10.513        -5.8023        -2.9545        -1.5839       -0.84689       -0.47336
        0.87055            NaN        -50.256        -38.853        -58.466         -69.58        -77.445        -87.632            NaN        -11.319        -6.2577        -3.1535        -1.6793       -0.88989       -0.48993
        0.93303            NaN        -54.825        -39.136        -56.764        -69.184        -77.043         -87.21            NaN        -12.192        -6.7463         -3.371        -1.7812        -0.9357        -0.5074
              1            NaN        -60.459        -39.755        -54.881        -68.805        -76.661        -86.807            NaN        -13.141        -7.2718          -3.61          -1.89       -0.98452       -0.52582
         1.0718            NaN        -67.433        -40.742        -52.885        -68.443        -76.303        -86.424            NaN        -14.176        -7.8382        -3.8736        -2.0062        -1.0365       -0.54523
         1.1487            NaN        -76.115         -42.15        -50.886        -68.094        -75.969        -86.063            NaN        -15.306        -8.4502        -4.1646        -2.1303         -1.092       -0.56569
         1.2311            NaN            NaN        -44.055        -49.016        -67.755        -75.661        -85.725            NaN            NaN        -9.1134         -4.485        -2.2628         -1.151       -0.58725
         1.3195            NaN            NaN        -46.561        -47.397         -67.42        -75.381        -85.411            NaN            NaN        -9.8342        -4.8363        -2.4042         -1.214       -0.60997
         1.4142            NaN            NaN        -49.816        -46.124        -67.075        -75.131        -85.123            NaN            NaN         -10.62        -5.2195         -2.555        -1.2811        -0.6339
         1.5157            NaN            NaN         -54.02        -45.252          -66.7        -74.912         -84.86            NaN            NaN         -11.48        -5.6358        -2.7158        -1.3525        -0.6591
         1.6245            NaN            NaN        -59.455        -44.813        -66.267        -74.726        -84.624            NaN            NaN        -12.426        -6.0871        -2.8874        -1.4287       -0.68565
         1.7411            NaN            NaN        -66.525         -44.83        -65.725        -74.576        -84.416            NaN            NaN        -13.471        -6.5763        -3.0705        -1.5098       -0.71361
         1.8661            NaN            NaN        -75.827        -45.336        -65.005        -74.462        -84.237            NaN            NaN        -14.632        -7.1071        -3.2663        -1.5963       -0.74307
              2            NaN            NaN            NaN        -46.388        -64.011        -74.389        -84.086            NaN            NaN            NaN        -7.6846         -3.477        -1.6885       -0.77412
         2.1435            NaN            NaN            NaN        -48.074        -62.634        -74.357        -83.966            NaN            NaN            NaN        -8.3148        -3.7056        -1.7868       -0.80685
         2.2974            NaN            NaN            NaN        -50.536        -60.794        -74.369        -83.876            NaN            NaN            NaN        -9.0055        -3.9572        -1.8915       -0.84136
         2.4623            NaN            NaN            NaN        -53.984          -58.5         -74.43        -83.818            NaN            NaN            NaN        -9.7663        -4.2385        -2.0032       -0.87779
          2.639            NaN            NaN            NaN        -58.743        -55.917        -74.542        -83.792            NaN            NaN            NaN        -10.609        -4.5567        -2.1223       -0.91625
         2.8284            NaN            NaN            NaN         -65.31        -53.366        -74.711          -83.8            NaN            NaN            NaN        -11.551        -4.9175        -2.2492       -0.95689
         3.0314            NaN            NaN            NaN         -74.49        -51.217        -74.941        -83.842            NaN            NaN            NaN        -12.611        -5.3236        -2.3844       -0.99986
          3.249            NaN            NaN            NaN        -87.639        -49.748        -75.239         -83.92            NaN            NaN            NaN        -12.816        -4.7754        -1.5283      -0.045337
         3.4822            NaN            NaN            NaN            NaN        -49.102        -75.609        -84.036            NaN            NaN            NaN            NaN        -5.2737        -1.6812      -0.093501
         3.7321            NaN            NaN            NaN            NaN        -49.345        -76.054        -84.192            NaN            NaN            NaN            NaN        -5.8212        -1.8433       -0.14456
              4            NaN            NaN            NaN            NaN        -50.559        -76.569         -84.39            NaN            NaN            NaN            NaN        -6.4238         -2.014       -0.19873
         4.2871            NaN            NaN            NaN            NaN        -52.906        -77.113        -84.635            NaN            NaN            NaN            NaN          -7.09        -2.1924       -0.25627
         4.5948            NaN            NaN            NaN            NaN         -56.69         -77.55         -84.93            NaN            NaN            NaN            NaN        -7.8319        -2.3757       -0.31743
         4.9246            NaN            NaN            NaN            NaN         -62.45        -77.455         -85.28            NaN            NaN            NaN            NaN        -8.6656        -2.5607       -0.38252
          5.278            NaN            NaN            NaN            NaN        -71.138        -75.889        -85.693            NaN            NaN            NaN            NaN        -9.6131        -2.7501       -0.45187
         5.6569            NaN            NaN            NaN            NaN        -84.514        -71.878        -86.176            NaN            NaN            NaN            NaN        -10.703        -2.9661       -0.52584
         6.0629            NaN            NaN            NaN            NaN            NaN        -65.425        -86.742            NaN            NaN            NaN            NaN            NaN        -3.2436       -0.60484
          6.498            NaN            NaN            NaN            NaN            NaN        -57.705        -87.407            NaN            NaN            NaN            NaN            NaN        -3.6214       -0.68932
         6.9644            NaN            NaN            NaN            NaN            NaN        -51.971        -88.197            NaN            NaN            NaN            NaN            NaN        -4.1156       -0.77976
         7.4643            NaN            NaN            NaN            NaN            NaN        -50.328        -89.147            NaN            NaN            NaN            NaN            NaN        -4.6813       -0.87667
              8            NaN            NaN            NaN            NaN            NaN        -51.828        -90.318            NaN            NaN            NaN            NaN            NaN        -5.2896       -0.98051
         8.5742            NaN            NaN            NaN            NaN            NaN        -55.672         -91.81            NaN            NaN            NaN            NaN            NaN        -5.9471        -1.0915
         9.1896            NaN            NaN            NaN            NaN            NaN        -61.891        -93.818            NaN            NaN            NaN            NaN            NaN        -6.6711         -1.209
         9.8492            NaN            NaN            NaN            NaN            NaN        -71.175        -96.752            NaN            NaN            NaN            NaN            NaN        -7.4837        -1.3286
         10.556            NaN            NaN            NaN            NaN            NaN        -85.081        -101.46            NaN            NaN            NaN            NaN            NaN        -8.4134        -1.4251
         11.314            NaN            NaN            NaN            NaN            NaN        -106.92        -103.51            NaN            NaN            NaN            NaN            NaN        -9.4942        -1.3998
         12.126            NaN            NaN            NaN            NaN            NaN            NaN        -96.011            NaN            NaN            NaN            NaN            NaN            NaN        -1.4793
         12.996            NaN            NaN            NaN            NaN            NaN            NaN        -89.738            NaN            NaN            NaN            NaN            NaN            NaN        -1.6736
         13.929            NaN            NaN            NaN            NaN            NaN            NaN        -83.758            NaN            NaN            NaN            NaN            NaN            NaN        -1.9385
         14.929            NaN            NaN            NaN            NaN            NaN            NaN        -76.888            NaN            NaN            NaN            NaN            NaN            NaN        -2.3628
             16            NaN            NaN            NaN            NaN            NaN            NaN        -88.681            NaN            NaN            NaN            NaN            NaN            NaN        -2.9485
