; moh24HBtc.txt
          0.125         88.218         98.884         110.55         118.38         131.75         125.18         128.14        -2.6139        -1.7529        -1.2344       -0.90752       -0.58321       -0.31162       -0.27091
        0.13155         87.961         98.462         110.19         118.31         131.54         124.96         127.73         -2.706        -1.8031        -1.2627        -0.9224       -0.60319       -0.31353       -0.27174
        0.13845         87.736         98.038         109.82         118.25         131.25         124.76         127.32        -2.8026        -1.8558        -1.2921       -0.93827       -0.62335       -0.31554       -0.27262
        0.14571         87.548         97.615         109.43          118.2         130.87         124.57         126.91         -2.904        -1.9109        -1.3226       -0.95522       -0.64329       -0.31766       -0.27353
        0.15336         87.402         97.192         109.04         118.15         130.42         124.39          126.5        -3.0105        -1.9687        -1.3544       -0.97333       -0.66267       -0.31989       -0.27449
         0.1614         87.304         96.773         108.63          118.1         129.92         124.23         126.09        -3.1223        -2.0293        -1.3875       -0.99266       -0.68123       -0.32225       -0.27549
        0.16986         87.261         96.358         108.21         118.04         129.39         124.08         125.69        -3.2398        -2.0929         -1.422        -1.0133       -0.69882       -0.32474       -0.27654
        0.17877          87.28          95.95         107.78         117.96         128.83         123.95         125.29        -3.3632        -2.1595         -1.458        -1.0353       -0.71543       -0.32737       -0.27764
        0.18814         87.369         95.551         107.34         117.87         128.27         123.84         124.89        -3.4929        -2.2294        -1.4955        -1.0586       -0.73107       -0.33017        -0.2788
        0.19801         87.538         95.163         106.89         117.75         127.72         123.75          124.5        -3.6292        -2.3026        -1.5347        -1.0833       -0.74585       -0.33314       -0.28001
        0.20839         87.743          94.79         106.43          117.6         127.19         123.68          124.1        -3.7708        -2.3795        -1.5755        -1.1093       -0.75989        -0.3363       -0.28127
        0.21932         88.922         94.436         105.96         117.41          126.7         123.63         123.71        -3.9965        -2.4602        -1.6182        -1.1367       -0.77334       -0.33967        -0.2826
        0.23082         70.313         94.102         105.49         117.19         126.23          123.6         123.33        -5.0337        -2.5448        -1.6629        -1.1653       -0.78635       -0.34327       -0.28399
        0.24293         57.545         93.794         105.01         116.92         125.81          123.6         122.94        -5.8593        -2.6336        -1.7095        -1.1951       -0.79906       -0.34713       -0.28545
        0.25566         50.856         93.517         104.53         116.62         125.44         123.62         122.56        -6.6505        -2.7269        -1.7583        -1.2261       -0.81162       -0.35128       -0.28698
        0.26907         49.079         93.275         104.05         116.28         125.11         123.67         122.19        -7.3943        -2.8248        -1.8093        -1.2582       -0.82418       -0.35574       -0.28858
        0.28318         50.273         93.073         103.56          115.9         124.84         123.74         121.82        -8.0799        -2.9276        -1.8626        -1.2915       -0.83688       -0.36055       -0.29026
        0.29803         53.376         92.918         103.07         115.48         124.61         123.85         121.45        -8.7256        -3.0356        -1.9185        -1.3258       -0.84987       -0.36577       -0.29202
        0.31366         57.706         92.817         102.59         115.04         124.44         123.99         121.08        -9.3262        -3.1491        -1.9769        -1.3613       -0.86329       -0.37143       -0.29387
        0.33011         63.472         92.777         102.11         114.57         124.33         124.16         120.72        -9.8953        -3.2683        -2.0382         -1.398        -0.8773       -0.37761       -0.29582
        0.34742         69.529         92.805         101.63         114.07         124.28         124.36         120.37        -10.441        -3.3936        -2.1023        -1.4359       -0.89207       -0.38436       -0.29785
        0.36564         75.749         92.911         101.16         113.55         124.28          124.6         120.02        -11.941        -3.5254        -2.1695        -1.4751       -0.90778       -0.39178       -0.29999
        0.38481         83.194         93.104         100.71         113.02         124.34         124.88         119.68        -12.397        -3.6639        -2.2399        -1.5157       -0.92464       -0.39996       -0.30223
        0.40499         92.259         93.394         100.27         112.46         124.47         125.19         119.35         -12.82        -3.8096        -2.3137        -1.5577       -0.94287       -0.40901       -0.30458
        0.42623         102.88         93.827         99.854          111.9         124.65         125.54         119.02         -13.22        -3.9622        -2.3912        -1.6013       -0.96274       -0.41907       -0.30704
        0.44858          114.9         89.024         99.458         111.32         124.89         125.93          118.7        -13.601        -4.2279        -2.4724        -1.6466       -0.98455        -0.4303       -0.30963
         0.4721            NaN         55.796         99.089         110.74         125.18         126.34         118.38            NaN        -5.3387        -2.5577        -1.6937        -1.0087       -0.44285       -0.31234
        0.49686            NaN          37.64         98.754         110.15         125.51         126.77         118.08            NaN        -6.4775        -2.6472        -1.7426        -1.0355       -0.45692       -0.31519
        0.52291            NaN         32.882         98.457         109.56         125.88         127.22         117.78            NaN         -7.522        -2.7411        -1.7936        -1.0655       -0.47269       -0.31817
        0.55034            NaN         34.707         98.203         108.97         126.25         127.66          117.5            NaN        -8.4454        -2.8398        -1.8467        -1.0991       -0.49032        -0.3213
         0.5792            NaN         39.815         98.001         108.39         126.58         128.09         117.22            NaN        -9.2709        -2.9436         -1.902        -1.1368       -0.50991       -0.32457
        0.60957            NaN         46.812         97.856         107.81         126.84         128.46         116.96            NaN        -10.021        -3.0525        -1.9598        -1.1788       -0.53142         -0.328
        0.64153            NaN         54.987         97.778         107.24         126.95         128.76         116.71            NaN        -10.708        -3.1671        -2.0201        -1.2248       -0.55465       -0.33159
        0.67517            NaN         64.109         97.774         106.68         126.86         128.96         116.47            NaN        -11.344        -3.2876        -2.0832        -1.2741       -0.57922       -0.33534
        0.71058            NaN         73.515         97.854         106.14         126.53         129.05         116.24            NaN        -11.932        -3.4143        -2.1492        -1.3256       -0.60453       -0.33926
        0.74784            NaN         83.487         98.029         105.62         125.98         129.03         116.03            NaN        -12.463        -3.5475        -2.2183        -1.3777       -0.62993       -0.34336
        0.78706            NaN         94.821         98.309         105.13         125.24         128.91         115.84            NaN        -12.941        -3.6878        -2.2906        -1.4295       -0.65479       -0.34763
        0.82833            NaN         107.75         98.707         104.66         124.36         128.71         115.66            NaN         -13.38        -3.8354        -2.3664        -1.4802       -0.67863       -0.35208
        0.87177            NaN         122.19         99.203         104.23          123.4         128.46          115.5            NaN        -13.788        -3.9922        -2.4458          -1.53       -0.70121       -0.35672
        0.91749            NaN            NaN         83.916         103.85         122.41          128.2         115.37            NaN            NaN        -3.9692        -2.5292        -1.5789       -0.72244       -0.36153
         0.9656            NaN            NaN         37.511          103.5         121.41         127.94         115.25            NaN            NaN        -5.1933        -2.6166        -1.6274        -0.7424       -0.36652
         1.0162            NaN            NaN         20.882         103.22         120.42         127.71         115.15            NaN            NaN        -6.6053        -2.7085         -1.676       -0.76124        -0.3717
         1.0695            NaN            NaN         22.207         102.99         119.46         127.53         115.08            NaN            NaN        -7.8004        -2.8049        -1.7251       -0.77914       -0.37704
         1.1256            NaN            NaN         29.658         102.82         118.54          127.4         115.04            NaN            NaN        -8.8012        -2.9061        -1.7749       -0.79631       -0.38256
         1.1846            NaN            NaN         39.536         102.74         117.65         127.34         115.02            NaN            NaN        -9.6672        -3.0125         -1.826       -0.81293       -0.38824
         1.2468            NaN            NaN         50.575         102.74         116.81         127.35         115.03            NaN            NaN        -10.434        -3.1243        -1.8784       -0.82917       -0.39408
         1.3121            NaN            NaN         62.341         102.83         116.01         127.44         115.06            NaN            NaN        -11.122        -3.2419        -1.9326       -0.84515       -0.40007
         1.3809            NaN            NaN         74.343         103.02         115.25         127.61         115.13            NaN            NaN        -10.743        -2.3655       -0.98874       -0.86095       -0.40621
         1.4534            NaN            NaN         86.684         103.33         114.54         127.89         115.23            NaN            NaN        -11.292        -2.4955         -1.047       -0.87663       -0.41248
         1.5296            NaN            NaN         100.15         103.77         113.88         128.26         115.36            NaN            NaN        -11.776        -2.6322        -1.1077       -0.89214       -0.41887
         1.6098            NaN            NaN         115.07         104.35         113.27         128.75         115.52            NaN            NaN        -12.207        -2.7761        -1.1709       -0.90738        -0.4254
         1.6942            NaN            NaN         131.37          104.6         112.71         129.36         115.72            NaN            NaN        -12.598        -2.8995         -1.237        -0.9221       -0.43204
          1.783            NaN            NaN            NaN         60.798         112.21          130.1         115.95            NaN            NaN            NaN        -3.6302         -1.306       -0.93584       -0.43881
         1.8765            NaN            NaN            NaN         23.003         111.76         130.99         116.22            NaN            NaN            NaN        -5.1532        -1.3783       -0.94783       -0.44571
          1.975            NaN            NaN            NaN         22.075         111.38         132.03         116.52            NaN            NaN            NaN        -6.5497         -1.454        -0.9568       -0.45274
         2.0785            NaN            NaN            NaN         31.749         111.06         133.18         116.85            NaN            NaN            NaN        -7.6333        -1.5333       -0.96071       -0.45993
         2.1875            NaN            NaN            NaN         43.997         110.81         134.34         117.23            NaN            NaN            NaN        -8.5233        -1.6166       -0.95681       -0.46728
         2.3022            NaN            NaN            NaN         57.044         110.64         135.21         117.64            NaN            NaN            NaN        -9.2837        -1.7039       -0.94298       -0.47484
          2.423            NaN            NaN            NaN         70.373         110.55         135.35         118.09            NaN            NaN            NaN        -9.9481        -1.7957       -0.92204       -0.48263
           2.55            NaN            NaN            NaN         83.551         110.55         134.54         118.57            NaN            NaN            NaN        -10.529        -1.8922       -0.90397       -0.49069
         2.6837            NaN            NaN            NaN         97.121         110.65         133.08          119.1            NaN            NaN            NaN        -10.026        -1.9937       -0.89777       -0.49908
         2.8245            NaN            NaN            NaN          111.8         110.85          131.4         119.66            NaN            NaN            NaN        -10.456        -2.1005       -0.90495       -0.50786
         2.9726            NaN            NaN            NaN         127.73         111.17         129.75         120.26            NaN            NaN            NaN        -10.832        -2.2129       -0.92304       -0.51709
         3.1285            NaN            NaN            NaN            NaN         111.62         128.23          120.9            NaN            NaN            NaN            NaN        -2.3314       -0.94938       -0.52685
         3.2925            NaN            NaN            NaN            NaN         112.21         126.85         121.58            NaN            NaN            NaN            NaN        -2.4562        -0.9821       -0.53723
         3.4652            NaN            NaN            NaN            NaN         112.96         125.61          122.3            NaN            NaN            NaN            NaN        -2.5804          -1.02       -0.54832
         3.6469            NaN            NaN            NaN            NaN         85.154          124.5         123.05            NaN            NaN            NaN            NaN        -3.0186        -1.0625       -0.56021
         3.8381            NaN            NaN            NaN            NaN         38.998         123.52         123.84            NaN            NaN            NaN            NaN        -4.4124        -1.1091         -0.573
         4.0394            NaN            NaN            NaN            NaN         39.276         122.65         124.67            NaN            NaN            NaN            NaN        -5.8087        -1.1596       -0.58676
         4.2512            NaN            NaN            NaN            NaN         51.429         121.89         125.52            NaN            NaN            NaN            NaN        -6.8086         -1.214       -0.60155
         4.4742            NaN            NaN            NaN            NaN         65.057         121.23         126.39            NaN            NaN            NaN            NaN        -7.5929        -1.2722       -0.61738
         4.7088            NaN            NaN            NaN            NaN         78.744         120.68         127.29            NaN            NaN            NaN            NaN        -8.2434        -1.3343       -0.63417
         4.9557            NaN            NaN            NaN            NaN         91.847         120.23         128.19            NaN            NaN            NaN            NaN        -7.7896        -1.4004       -0.65177
         5.2156            NaN            NaN            NaN            NaN         105.08          119.9         129.11            NaN            NaN            NaN            NaN        -8.2385        -1.4708       -0.66986
         5.4891            NaN            NaN            NaN            NaN         119.29         119.68         130.05            NaN            NaN            NaN            NaN        -8.6112        -1.5455       -0.68796
         5.7769            NaN            NaN            NaN            NaN         134.57         119.57         131.01            NaN            NaN            NaN            NaN        -8.9272        -1.6248        -0.7054
         6.0799            NaN            NaN            NaN            NaN            NaN          119.6         132.02            NaN            NaN            NaN            NaN            NaN        -1.7089       -0.72122
         6.3987            NaN            NaN            NaN            NaN            NaN         119.77          133.1            NaN            NaN            NaN            NaN            NaN        -1.7982       -0.73405
         6.7342            NaN            NaN            NaN            NaN            NaN         120.09         134.26            NaN            NaN            NaN            NaN            NaN        -1.8929        -0.7419
         7.0874            NaN            NaN            NaN            NaN            NaN          120.5         135.49            NaN            NaN            NaN            NaN            NaN        -1.9926       -0.74181
          7.459            NaN            NaN            NaN            NaN            NaN         115.42         136.62            NaN            NaN            NaN            NaN            NaN        -2.3113       -0.72989
         7.8502            NaN            NaN            NaN            NaN            NaN         67.725         137.25            NaN            NaN            NaN            NaN            NaN        -3.4726       -0.70408
         8.2618            NaN            NaN            NaN            NaN            NaN         65.279         136.82            NaN            NaN            NaN            NaN            NaN        -4.7618       -0.67121
         8.6951            NaN            NaN            NaN            NaN            NaN         77.122         135.33            NaN            NaN            NaN            NaN            NaN        -4.6232       -0.64569
         9.1511            NaN            NaN            NaN            NaN            NaN         89.937         133.36            NaN            NaN            NaN            NaN            NaN        -5.2665       -0.63474
         9.6309            NaN            NaN            NaN            NaN            NaN          101.6         131.35            NaN            NaN            NaN            NaN            NaN        -5.7687       -0.63665
         10.136            NaN            NaN            NaN            NaN            NaN         113.33         129.49            NaN            NaN            NaN            NaN            NaN        -6.1483       -0.64781
         10.668            NaN            NaN            NaN            NaN            NaN         126.13         127.83            NaN            NaN            NaN            NaN            NaN        -6.4422       -0.66559
         11.227            NaN            NaN            NaN            NaN            NaN         139.92         126.36            NaN            NaN            NaN            NaN            NaN        -6.6762       -0.68845
         11.816            NaN            NaN            NaN            NaN            NaN            NaN         125.07            NaN            NaN            NaN            NaN            NaN            NaN       -0.71554
         12.435            NaN            NaN            NaN            NaN            NaN            NaN         123.94            NaN            NaN            NaN            NaN            NaN            NaN        -0.7464
         13.087            NaN            NaN            NaN            NaN            NaN            NaN         122.96            NaN            NaN            NaN            NaN            NaN            NaN       -0.78084
         13.774            NaN            NaN            NaN            NaN            NaN            NaN         122.11            NaN            NaN            NaN            NaN            NaN            NaN       -0.81875
         14.496            NaN            NaN            NaN            NaN            NaN            NaN         121.38            NaN            NaN            NaN            NaN            NaN            NaN       -0.86019
         15.256            NaN            NaN            NaN            NaN            NaN            NaN          120.8            NaN            NaN            NaN            NaN            NaN            NaN       -0.91475
         16.056            NaN            NaN            NaN            NaN            NaN            NaN         101.15            NaN            NaN            NaN            NaN            NaN            NaN       -0.81384
         16.898            NaN            NaN            NaN            NaN            NaN            NaN         86.242            NaN            NaN            NaN            NaN            NaN            NaN        -1.8636
         17.784            NaN            NaN            NaN            NaN            NaN            NaN         93.644            NaN            NaN            NaN            NaN            NaN            NaN        -2.5823
         18.717            NaN            NaN            NaN            NaN            NaN            NaN         100.55            NaN            NaN            NaN            NaN            NaN            NaN         -3.069
         19.698            NaN            NaN            NaN            NaN            NaN            NaN         107.41            NaN            NaN            NaN            NaN            NaN            NaN        -3.3595
